0.0029999999999998916	20
0.001000000000000112	1
0.0020000000000000018	13
0.0019999999999997797	13
0.0009999999999998899	1
0.002000000000000224
0.0019999999999997797
0.0009999999999998899
0.0019999999999997797
0.001000000000000334
0.002000000000000668
0.0039999999999995595
0.0019999999999997797
0.0019999999999997797
0.002000000000000668
0.001000000000000334
0.002000000000000668
0.0030000000000001137
0.002000000000000668
0.002000000000000668
0.002000000000000668
0.0019999999999988916
0.002000000000000668
0.002000000000000668
0.002000000000000668
0.0030000000000001137
0.0019999999999988916
0.002000000000000668
0.002000000000000668
0.002000000000000668
0.0030000000000001137
0.0019999999999988916
0.002000000000000668
0.002000000000000668
0.0030000000000001137
0.002000000000000668
0.0019999999999988916
0.0039999999999995595
0.0029999999999983373
0.002000000000000668
0.0030000000000001137
0.0030000000000001137
0.0020000000000024443
0.0030000000000001137
0.0019999999999988916
0.0030000000000001137
0.0030000000000001137
0.0010000000000012221
0.002999999999996561
0.0009999999999976694
0.0030000000000001137
0.006000000000000227
0.0019999999999988916
0.0020000000000024443
0.0019999999999988916
0.0019999999999988916
0.0020000000000024443
0.0010000000000012221
0.0030000000000001137
0.0019999999999988916
0.0019999999999988916
0.0019999999999988916
0.0020000000000024443
0.0030000000000001137
0.0020000000000024443
0.0030000000000001137
0.0019999999999988916
0.0030000000000001137
0.0020000000000024443
0.0030000000000001137
0.0009999999999976694
0.0019999999999988916
0.0030000000000001137
0.0019999999999988916
0.0020000000000024443
0.0020000000000024443
0.0020000000000024443
0.0020000000000024443
0.0019999999999988916
0.0020000000000024443
0.0019999999999988916
0.005000000000002558
0.0019999999999988916
0.0020000000000024443
0.0020000000000024443
0.0020000000000024443
0.0020000000000024443
0.0020000000000024443
0.0030000000000001137
0.0020000000000024443
0.0020000000000024443
0.0030000000000001137
0.001999999999995339
0.0030000000000001137
0.0020000000000024443
0.003999999999997783
0.0020000000000024443
0.0020000000000024443
0.003999999999997783
0.0020000000000024443
0.0020000000000024443
0.001999999999995339
0.001999999999995339
0.0030000000000001137
0.001999999999995339
0.0020000000000024443
0.0030000000000001137
0.0030000000000001137
0.0020000000000024443
0.0020000000000024443
0.001999999999995339
0.0030000000000001137
0.0020000000000024443
0.001999999999995339
0.0020000000000024443
0.0030000000000001137
0.001999999999995339
0.001999999999995339
0.0030000000000001137
0.0009999999999976694
0.0020000000000024443
0.001999999999995339
0.0020000000000024443
0.0020000000000024443
0.001999999999995339
0.001999999999995339
0.0040000000000048885
0.0030000000000001137
0.0030000000000001137
0.0030000000000001137
0.0020000000000024443
0.001999999999995339
0.0020000000000024443
0.0020000000000024443
0.003999999999997783
0.0030000000000001137
0.0030000000000001137
0.001999999999995339
0.001999999999995339
0.0030000000000001137
0.001999999999995339
0.0009999999999976694
0.001999999999995339
0.0020000000000024443
0.001999999999995339
0.001999999999995339
0.0020000000000024443
0.0020000000000024443
0.0030000000000001137
0.001999999999995339
0.0030000000000001137
0.0020000000000024443
0.0020000000000024443
0.0020000000000024443
0.001999999999995339
0.0020000000000024443
0.0020000000000024443
0.0030000000000001137
0.001999999999995339
0.0020000000000024443
0.001999999999995339
0.0020000000000024443
0.0030000000000001137
0.0020000000000024443
0.0020000000000024443
0.0020000000000024443
0.0020000000000024443
0.0020000000000024443
0.0020000000000024443
0.0020000000000024443
0.0020000000000024443
0.0020000000000024443
0.0009999999999976694
0.0030000000000001137
0.0020000000000024443
0.0020000000000024443
0.0030000000000001137
0.001999999999995339
0.0030000000000001137
0.001999999999995339
0.0030000000000001137
0.0030000000000001137
0.0030000000000001137
0.001999999999995339
0.0049999999999954525
0.0030000000000001137
0.0020000000000095497
0.0030000000000001137
0.0020000000000095497
0.0020000000000095497
0.0030000000000001137
0.0010000000000047748
0.0030000000000001137
0.001999999999995339
0.0040000000000048885
0.0030000000000001137
